    _name: bessel-beam
    _amplitude: 1
    _phase: 0
    _wavelength: 5e-07
    _k: 12566370.614359174
    _nm: 1.0000000000000002
    _krho: 23900.0
    _kz: 12566347.88661486
    _theta: 0.0019019027165524524
    _order: 0
