name: ibb
parameters:
    order: 0
    nm: 1
    wavelength: 5e-07
    theta: 0.0019019027165524522
    k: 12566370.614359174
    krho: 23900.0
    kz: 12566347.88661486
    spot: 0.000100620316222
