name: gaussian-beam
    _amplitude: 1
    _phase: 0
    _electric_field_direction: [0.0, 1.0, 0.0]
    _vacuum_wavelength: 4.88e-07
    _vacuum_wavenumber: 12875379.72782702
    _medium_refractive_index: 1.33
    _wavelength: 3.669172932330827e-07
    _wavenumber: 17124255.038009938
    _q: 6250000000000.001
    _spot: 4e-07
    _rayleigh_range: 1.369940403040795e-06
