name: bgbs
parameters:
    wavelength: 6.328e-07
    nm: 1
    k: 9929180.321080256
    krho: 40700.0
    kz: 9929096.905485786
    theta: 0.004099040671896465
    q: 0
    N: 23
    R: 0.0035
    Zmax: 0.8538535422407925
    L: 3.6750000000000006e-05
    qr: 163265.30612244896
